acquire 1574
    0380 1574 1578 2478 2548
    2614 2649 2677 2769 2830
    2891 2906 2966 2979 3175
    3192 3416 3822 3842 4359
    4415 4520 4583 4674 4686
    4705 4880 4907 4926 4981
    5308 5341 5412 5425 5930
    5954 5968 6863 6884 6905
    8060 8231 8278 8314
acquiresleep 4672
    0389 4527 4542 4672 5361
    5410
allocproc 2473
    2473 2525 2587
allocuvm 1927
    0430 1927 1941 1947 2565
    6701 6715
alltraps 3304
    3259 3267 3280 3285 3303
    3304
ALT 7760
    7760 7788 7790
argfd 6121
    6121 6173 6188 6207 6218
    6231
argint 3602
    0404 3602 3616 3632 3783
    3806 3820 6126 6188 6207
    6458 6525 6526 6582
argptr 3611
    0405 3611 6188 6207 6231
    6607
argstr 3629
    0406 3629 3859 6257 6358
    6458 6507 6524 6558 6582
__attribute__ 1305
    0272 0367 1209 1305
BACK 8611
    8611 8724 8870 9139
backcmd 8646 8864
    8646 8659 8725 8864 8866
    8992 9105 9140
BACKSPACE 8150
    8150 8167 8209 8242 8248
balloc 5066
    5066 5086 5467 5475 5479
BBLOCK 4160
    4160 5073 5107
B_DIRTY 3912
    3912 4344 4368 4373 4410
    4428 4536 4569 4989
begin_op 4878
    0336 2644 4878 5983 6074
    6260 6361 6461 6506 6523
    6557 6671
bfree 5102
    5102 5514 5524 5527
bget 4516
    4516 4546 4556
binit 4488
    0263 1230 4488
bmap 5460
    5202 5460 5486 5570 5620
bootmain 9267
    9218 9267
BPB 4157
    4157 4160 5072 5074 5108
bread 4552
    0264 4552 4827 4828 4840
    4856 4940 4941 5035 5056
    5073 5107 5261 5285 5364
    5476 5520 5570 5620
brelse 4576
    0265 4576 4579 4831 4832
    4847 4864 4944 4945 5037
    5059 5079 5084 5114 5267
    5270 5294 5372 5482 5526
    5573 5624
BSIZE 4105
    3909 4105 4124 4151 4157
    4330 4346 4369 4808 4829
    4942 5057 5570 5571 5572
    5616 5620 5621 5622
buf 3900
    0250 0264 0265 0266 0308
    0335 2120 2123 2132 2134
    3900 3906 3907 3908 4263
    4281 4284 4324 4356 4404
    4406 4409 4476 4480 4484
    4490 4503 4515 4518 4551
    4554 4565 4576 4756 4827
    4828 4840 4841 4847 4856
    4857 4863 4864 4940 4941
    4972 5020 5033 5054 5069
    5104 5257 5282 5355 5463
    5509 5556 5606 7980 7991
    7995 7998 8218 8240 8254
    8288 8309 8316 8734 8737
    8738 8739 8753 8765 8766
    8768 8769 8770 8774
B_VALID 3911
    3911 4372 4410 4428 4557
bwrite 4565
    0266 4565 4568 4830 4863
    4943
bzero 5052
    5052 5080
C 7781 8224
    7781 7829 7854 7855 7856
    7857 7858 7860 8224 8234
    8238 8245 8256 8289
CAPSLOCK 7762
    7762 7795 7936
cgaputc 8155
    8155 8213
clearpteu 2022
    0439 2022 2028 6717
cli 0557
    0557 0559 1124 1672 8110
    8204 9162
cmd 8615
    8615 8627 8636 8637 8642
    8643 8648 8652 8656 8665
    8668 8673 8681 8687 8691
    8701 8725 8727 8802 8805
    8807 8808 8809 8810 8813
    8814 8816 8818 8819 8820
    8821 8822 8823 8824 8825
    8826 8829 8830 8832 8834
    8835 8836 8837 8838 8839
    8850 8851 8853 8855 8856
    8857 8858 8859 8860 8863
    8864 8866 8868 8869 8870
    8871 8872 8962 8963 8964
    8965 8967 8971 8974 8980
    8981 8984 8987 8989 8992
    8996 8998 9000 9003 9005
    9008 9010 9013 9014 9025
    9028 9031 9035 9050 9053
    9058 9062 9063 9066 9071
    9072 9078 9087 9088 9094
    9095 9101 9102 9111 9114
    9116 9122 9123 9128 9134
    9140 9141 9144
CMOS_PORT 7527
    7527 7541 7542 7584
cmos_read 7582
    7582 7593 7594 7595 7596
    7597 7598 7607 7614
CMOS_RETURN 7528
    7528 7587
CMOS_STATA 7570
    7570 7614
CMOS_STATB 7571
    7571 7607
cmostime 7602
    0325 7602
CMOS_UIP 7572
    7572 7614
COM1 8364
    8364 8374 8377 8378 8379
    8380 8381 8382 8385 8391
    8392 8407 8409 8417 8419
commit 4951
    4803 4925 4951
CONSOLE 4236
    4236 8328 8329
consoleinit 8324
    0269 1226 8324
consoleintr 8227
    0271 7948 8227 8425
consoleread 8271
    8271 8329
consolewrite 8309
    8309 8328
consputc 8201
    7967 7998 8068 8086 8089
    8093 8094 8201 8242 8248
    8255 8316
context 2326
    0251 0377 2303 2326 2345
    2509 2510 2511 2512 2781
    2822 3028
CONV 7623
    7623 7624 7625 7626 7627
    7628 7629 7630
copyout 2118
    0438 2118 6725 6736
copyuvm 2035
    0435 2035 2046 2048 2592
cprintf 8052
    0270 1254 1941 1947 3026
    3030 3032 3440 3453 3458
    3710 3860 5201 6675 7709
    8052 8113 8114 8115 8118
cpu 2301
    0311 0363 1254 1268 1506
    1566 1590 1608 1656 1717
    2301 2312 2436 2458 2761
    3440 3453 3458 7263
cpuid 2430
    0358 1254 1723 2430 3415
    3441 3454 3461
CR0_PE 0707
    0707 1137 1170 9193
CR0_PG 0709
    0709 1054 1170
CR0_WP 0708
    0708 1054 1170
CR4_PSE 0711
    0711 1047 1163
create 6407
    6407 6426 6439 6443 6464
    6507 6527
CRTPORT 8151
    8151 8160 8161 8162 8163
    8181 8182 8183 8184
CTL 7759
    7759 7785 7789 7935
DAY 7577
    7577 7596
deallocuvm 1961
    0431 1942 1948 1961 2009
    2568
DEVSPACE 0204
    0204 1813 1826
devsw 4229
    4229 4234 5559 5561 5609
    5611 5912 8328 8329
dinode 4128
    4128 4151 5258 5262 5283
    5286 5356 5365
dirent 4165
    4165 5664 5705 6305 6354
dirlink 5702
    0288 5702 5717 5725 6280
    6438 6442 6443
dirlookup 5661
    0289 5661 5667 5671 5709
    5825 6373 6416
DIRSIZ 4163
    4163 4167 5655 5722 5778
    5779 5842 6254 6355 6410
DPL_USER 0761
    0761 1726 1727 2533 2534
    3373 3468 3478
E0ESC 7766
    7766 7920 7924 7925 7927
    7930
elfhdr 0905
    0905 6665 9269 9274
ELF_MAGIC 0902
    0902 6684 9280
ELF_PROG_LOAD 0936
    0936 6695
end_op 4903
    0337 2646 4903 5985 6079
    6262 6269 6287 6296 6363
    6397 6402 6466 6471 6477
    6486 6490 6508 6512 6528
    6532 6559 6565 6570 6674
    6709 6760
entry 1044
    0911 1040 1043 1044 3252
    3253 6749 7121 9271 9295
    9296
EOI 7416
    7416 7491 7517
ERROR 7437
    7437 7484
ESR 7419
    7419 7487 7488
exec 6660
    0275 6598 6660 6675 8518
    8579 8580 8676 8677
EXEC 8607
    8607 8672 8809 9115
execcmd 8619 8803
    8619 8660 8673 8803 8805
    9071 9077 9078 9106 9116
exit 2627
    0359 2627 2665 3405 3409
    3469 3479 3768 8467 8470
    8511 8576 8581 8666 8675
    8685 8730 8777 8784
EXTMEM 0202
    0202 0208 1810
fdalloc 6153
    6153 6175 6482 6612
fetchint 3567
    0407 3567 3604 6589
fetchstr 3581
    0408 3581 3634 6595
file 4200
    0252 0278 0279 0280 0282
    0283 0284 0351 2348 4200
    5021 5910 5915 5925 5928
    5931 5951 5952 5964 5966
    6002 6015 6052 6115 6121
    6124 6153 6170 6184 6203
    6216 6228 6455 6604 6808
    6822 7961 8359 8628 8683
    8684 8814 8822 9022
filealloc 5926
    0278 5926 6482 6828
fileclose 5964
    0279 2639 5964 5970 6221
    6484 6615 6616 6854 6856
filedup 5952
    0280 2607 5952 5956 6177
fileinit 5919
    0281 1231 5919
fileread 6015
    0282 6015 6030 6190
filestat 6002
    0283 6002 6233
filewrite 6052
    0284 6052 6084 6089 6209
fill_rtcdate 7591
    7591 7613 7616
FL_IF 0704
    0704 1674 1681 2441 2537
    2819
fork 2580
    0360 2580 3762 8510 8573
    8575 8792 8794
fork1 8788
    8650 8692 8704 8711 8726
    8773 8788
forkret 2853
    2417 2512 2853
freerange 3151
    3111 3135 3141 3151
freevm 2003
    0432 1831 2003 2008 2062
    2690 6752 6757
FSSIZE 0162
    0162 4328
gatedesc 0855
    0523 0526 0855 3361
getcallerpcs 1627
    0381 1591 1627 3028 8116
getcmd 8734
    8734 8765
gettoken 8906
    8906 8991 8995 9007 9020
    9021 9057 9061 9083
growproc 2558
    0361 2558 3809
havedisk1 4283
    4283 4313 4412
holding 1652
    0382 1577 1604 1652 2813
holdingsleep 4701
    0391 4408 4567 4578 4701
    5383
HOURS 7576
    7576 7595
ialloc 5254
    0290 5254 5272 6425 6426
IBLOCK 4154
    4154 5261 5285 5364
ICRHI 7430
    7430 7494 7552 7564
ICRLO 7420
    7420 7495 7496 7553 7555
    7565
ID 7413
    7413 7454 7509
IDE_BSY 4266
    4266 4292
IDE_CMD_RDMUL 4273
    4273 4332
IDE_CMD_READ 4271
    4271 4332
IDE_CMD_WRITE 4272
    4272 4333
IDE_CMD_WRMUL 4274
    4274 4333
IDE_DF 4268
    4268 4294
IDE_DRDY 4267
    4267 4292
IDE_ERR 4269
    4269 4294
ideinit 4301
    0306 1232 4301
ideintr 4354
    0307 3424 4354
idelock 4280
    4280 4305 4359 4362 4380
    4415 4429 4433
iderw 4404
    0308 4404 4409 4411 4413
    4558 4570
idestart 4324
    4284 4324 4327 4335 4378
    4425
idewait 4288
    4288 4307 4337 4368
idtinit 3379
    0415 1255 3379
idup 5339
    0291 2608 5339 5812
iget 5304
    5207 5268 5304 5324 5679
    5810
iinit 5192
    0292 2864 5192
ilock 5353
    0293 5353 5359 5375 5815
    6005 6024 6075 6266 6279
    6292 6367 6375 6414 6418
    6428 6474 6562 6678 8283
    8303 8318
inb 0453
    0453 4292 4312 7396 7587
    7914 7917 8161 8163 8385
    8391 8392 8407 8417 8419
    9173 9181 9304
initlock 1562
    0383 1562 2425 3133 3375
    4305 4492 4665 4812 5196
    5921 6836 8326
initlog 4806
    0334 2865 4806 4809
initsleeplock 4663
    0392 4506 4663 5198
inituvm 1886
    0433 1886 1891 2530
inode 4212
    0253 0288 0289 0290 0291
    0293 0294 0295 0296 0297
    0299 0300 0301 0302 0303
    0434 1903 2349 4206 4212
    4230 4231 5024 5188 5198
    5207 5253 5280 5303 5306
    5312 5338 5339 5353 5381
    5408 5432 5460 5506 5538
    5553 5603 5660 5661 5702
    5706 5804 5807 5839 5850
    6255 6302 6353 6406 6409
    6456 6504 6519 6554 6666
    8271 8309
INPUT_BUF 8216
    8216 8218 8240 8252 8254
    8256 8288
insl 0462
    0462 0464 4369 9323
install_trans 4822
    4822 4871 4956
INT_DISABLED 7669
    7669 7714
ioapic 7677
    7358 7375 7376 7674 7677
    7686 7687 7693 7694 7705
IOAPIC 7658
    7658 7705
ioapicenable 7720
    0311 4306 7720 8332 8393
ioapicid 7265
    0312 7265 7376 7708 7709
ioapicinit 7701
    0313 1225 7701 7709
ioapicread 7684
    7684 7706 7707
ioapicwrite 7691
    7691 7714 7715 7725 7726
IPB 4151
    4151 4154 5262 5286 5365
iput 5408
    0294 2645 5408 5435 5710
    5833 5984 6285 6569
IRQ_COM1 3233
    3233 3434 8393
IRQ_ERROR 3235
    3235 7484
IRQ_IDE 3234
    3234 3423 3427 4306
IRQ_KBD 3232
    3232 3430 8332
IRQ_SPURIOUS 3236
    3236 3439 7464
IRQ_TIMER 3231
    3231 3414 3474 7471
isdirempty 6302
    6302 6309 6379
itrunc 5506
    5024 5417 5506
iunlock 5381
    0295 5381 5384 5434 5822
    6007 6027 6078 6275 6489
    6568 8276 8313
iunlockput 5432
    0296 5432 5817 5826 5829
    6268 6281 6284 6295 6380
    6391 6395 6401 6417 6421
    6445 6476 6485 6511 6531
    6564 6708 6759
iupdate 5280
    0297 5280 5419 5532 5629
    6274 6294 6389 6394 6432
    6436
kalloc 3187
    0316 1284 1744 1823 1892
    1939 2051 2494 3187 6830
KBDATAP 7754
    7754 7917
kbdgetc 7906
    7906 7948
kbdintr 7946
    0322 3431 7946
KBS_DIB 7753
    7753 7915
KBSTATP 7752
    7752 7914
KERNBASE 0207
    0207 0208 0210 0211 0213
    0214 1310 1634 1810 1932
    2009
KERNLINK 0208
    0208 1811 9360
KEY_DEL 7778
    7778 7819 7841 7865
KEY_DN 7772
    7772 7815 7837 7861
KEY_END 7770
    7770 7818 7840 7864
KEY_HOME 7769
    7769 7818 7840 7864
KEY_INS 7777
    7777 7819 7841 7865
KEY_LF 7773
    7773 7817 7839 7863
KEY_PGDN 7776
    7776 7816 7838 7862
KEY_PGUP 7775
    7775 7816 7838 7862
KEY_RT 7774
    7774 7817 7839 7863
KEY_UP 7771
    7771 7815 7837 7861
kfree 3164
    0317 1949 1977 1979 2013
    2016 2055 2593 2688 3156
    3164 3169 6852 6873
kill 2975
    0362 2975 3459 3785 8517
kinit1 3131
    0318 1219 3131
kinit2 3139
    0319 1234 3139
KSTACKSIZE 0151
    0151 1058 1067 1285 1874
    2498
kvmalloc 1840
    0427 1220 1840
lapiceoi 7514
    0328 3421 3425 3432 3436
    3442 7514
lapicid 7505
    0326 2444 7505 8113
lapicinit 7458
    0329 1222 1245 7458
lapicstartap 7533
    0330 1289 7533
lapicw 7451
    7451 7464 7470 7471 7472
    7475 7476 7481 7484 7487
    7488 7491 7494 7495 7501
    7517 7552 7553 7555 7564
    7565
lcr3 0590
    0590 1855 1879
lgdt 0512
    0512 0520 1135 1728 9191
lidt 0526
    0526 0534 3381
LINT0 7435
    7435 7475
LINT1 7436
    7436 7476
LIST 8610
    8610 8690 8857 9133
listcmd 8640 8851
    8640 8661 8691 8851 8853
    8996 9107 9134
loaduvm 1903
    0434 1903 1909 1912 6705
log 4788 4800
    4788 4800 4812 4814 4815
    4816 4826 4827 4828 4840
    4843 4844 4845 4856 4859
    4860 4861 4872 4880 4882
    4883 4884 4886 4888 4889
    4907 4908 4909 4910 4911
    4913 4918 4920 4926 4927
    4928 4929 4939 4940 4941
    4953 4957 4976 4978 4981
    4982 4983 4986 4987 4988
    4990
logheader 4783
    4783 4795 4808 4809 4841
    4857
LOGSIZE 0160
    0160 4785 4884 4976
log_write 4972
    0335 4972 4979 5058 5078
    5113 5266 5293 5480 5623
ltr 0538
    0538 0540 1878
mappages 1760
    1760 1829 1894 1946 2054
MAXARG 0158
    0158 6578 6664 6722
MAXARGS 8613
    8613 8621 8622 9090
MAXFILE 4125
    4125 5616
MAXOPBLOCKS 0159
    0159 0160 0161 4884 6067
memcmp 6965
    0395 6965 7287 7338 7617
memmove 6981
    0396 1275 1895 2053 2132
    4829 4942 5036 5292 5371
    5572 5622 5779 5781 6981
    7004 8176
memset 6954
    0397 1747 1825 1893 1945
    2511 2532 3172 5057 5264
    6384 6585 6954 8178 8737
    8808 8819 8835 8856 8869
microdelay 7523
    0331 7523 7554 7556 7566
    7585 8408
min 5023
    5023 5571 5621
MINS 7575
    7575 7594
MONTH 7578
    7578 7597
mp 7102
    7102 7258 7279 7286 7287
    7288 7305 7310 7314 7315
    7318 7319 7330 7333 7335
    7337 7344 7355 7360 7392
MPBUS 7152
    7152 7379
mpconf 7113
    7113 7329 7332 7337 7356
mpconfig 7330
    7330 7360
mpenter 1241
    1241 1286
mpinit 7351
    0341 1221 7351
mpioapic 7139
    7139 7358 7375 7377
MPIOAPIC 7153
    7153 7374
MPIOINTR 7154
    7154 7380
MPLINTR 7155
    7155 7381
mpmain 1252
    1209 1236 1246 1252
mpproc 7128
    7128 7357 7367 7372
MPPROC 7151
    7151 7366
mpsearch 7306
    7306 7335
mpsearch1 7280
    7280 7314 7318 7321
multiboot_header 1029
    1028 1029
mycpu 2437
    0363 1256 1278 1590 1656
    1673 1674 1675 1683 1685
    1870 1871 1872 1873 1874
    1877 2431 2437 2442 2461
    2761 2815 2821 2822 2823
myproc 2457
    0364 2457 2561 2584 2629
    2675 2811 2831 2876 3404
    3406 3408 3451 3460 3462
    3468 3473 3478 3569 3584
    3604 3614 3704 3791 3808
    3825 4679 4706 5812 6128
    6156 6220 6555 6614 6669
    6887 6907 8281
namecmp 5653
    0298 5653 5674 6370
namei 5840
    0299 2542 5840 6261 6470
    6558 6673
nameiparent 5851
    0300 5805 5820 5832 5851
    6277 6362 6412
namex 5805
    5805 5843 5853
NBUF 0161
    0161 4480 4503
ncpu 7264
    1277 2313 2447 4306 7264
    7368 7369 7370
NCPU 0152
    0152 2312 7263 7368
NDEV 0156
    0156 5559 5609 5912
NDIRECT 4123
    4123 4125 4134 4224 5465
    5470 5474 5475 5512 5519
    5520 5527 5528
NELEM 0442
    0442 1828 3022 3707 6587
nextpid 2416
    2416 2489
NFILE 0154
    0154 5915 5931
NINDIRECT 4124
    4124 4125 5472 5522
NINODE 0155
    0155 5188 5197 5312
NO 7756
    7756 7802 7805 7807 7808
    7809 7810 7812 7824 7827
    7829 7830 7831 7832 7834
    7852 7853 7855 7856 7857
    7858
NOFILE 0153
    0153 2348 2605 2637 6128
    6158
NPDENTRIES 0791
    0791 1306 2010
NPROC 0150
    0150 2411 2480 2654 2681
    2770 2957 2980 3019
NSEGS 0721
    0721 2305
nulterminate 9102
    8965 8980 9102 9123 9129
    9130 9135 9136 9141
NUMLOCK 7763
    7763 7796
O_CREATE 4003
    4003 6463 9028 9031
O_RDONLY 4000
    4000 6475 9025
O_RDWR 4002
    4002 6496 8564 8566 8757
outb 0471
    0471 4310 4319 4338 4339
    4340 4341 4342 4343 4345
    4348 7395 7396 7541 7542
    7584 8160 8162 8181 8182
    8183 8184 8374 8377 8378
    8379 8380 8381 8382 8409
    9178 9186 9314 9315 9316
    9317 9318 9319
outsl 0483
    0483 0485 4346
outw 0477
    0477 1180 1182 9224 9226
O_WRONLY 4001
    4001 6495 6496 9028 9031
P2V 0211
    0211 1219 1234 1274 1742
    1826 1918 1978 2012 2053
    2111 7284 7312 7337 7543
    8152
panic 8105 8781
    0272 1578 1605 1682 1684
    1771 1827 1863 1865 1867
    1891 1909 1912 1977 2008
    2028 2046 2048 2442 2451
    2529 2634 2665 2814 2816
    2818 2820 2879 2882 3169
    3455 4327 4329 4335 4409
    4411 4413 4546 4568 4579
    4809 4910 4977 4979 5086
    5111 5272 5324 5359 5375
    5384 5486 5667 5671 5717
    5725 5956 5970 6030 6084
    6089 6309 6378 6386 6426
    6439 6443 7361 7390 8063
    8105 8113 8173 8651 8670
    8703 8781 8794 8978 9022
    9056 9060 9086 9091
panicked 7969
    7969 8119 8203
parseblock 9051
    9051 9056 9075
parsecmd 8968
    8652 8774 8968
parseexec 9067
    8964 9005 9067
parseline 8985
    8962 8974 8985 8996 9058
parsepipe 9001
    8963 8989 9001 9008
parseredirs 9014
    9014 9062 9081 9092
PCINT 7434
    7434 7481
pde_t 0103
    0103 0428 0429 0430 0431
    0432 0433 0434 0435 0438
    0439 1210 1260 1306 1710
    1735 1737 1760 1817 1820
    1823 1886 1903 1927 1961
    2003 2022 2034 2035 2037
    2102 2118 2339 6668
PDX 0782
    0782 1740 1973
PDXSHIFT 0796
    0782 0788 0796 1310
peek 8951
    8951 8975 8990 8994 9006
    9019 9055 9059 9074 9082
PGADDR 0788
    0788 1973
PGROUNDDOWN 0799
    0799 1765 1766 2125
PGROUNDUP 0798
    0798 1937 1969 3154 6714
PGSIZE 0793
    0793 0798 0799 1305 1747
    1775 1776 1825 1890 1893
    1894 1908 1910 1914 1917
    1938 1945 1946 1970 1973
    2044 2053 2054 2129 2135
    2531 2538 3155 3168 3172
    6703 6715 6717
PHYSTOP 0203
    0203 1234 1812 1826 1827
    3168
pinit 2423
    0365 1228 2423
pipe 6812
    0254 0352 0353 0354 4205
    5981 6022 6059 6812 6824
    6830 6836 6840 6844 6861
    6880 6901 8513 8702 8703
PIPE 8609
    8609 8700 8836 9127
pipealloc 6822
    0351 6609 6822
pipeclose 6861
    0352 5981 6861
pipecmd 8634 8830
    8634 8662 8701 8830 8832
    9008 9108 9128
piperead 6901
    0353 6022 6901
PIPESIZE 6810
    6810 6814 6886 6894 6916
pipewrite 6880
    0354 6059 6880
popcli 1679
    0386 1622 1657 1679 1682
    1684 1880 2463
printint 7977
    7977 8076 8080
proc 2337
    0255 0364 0369 0436 1205
    1558 1706 1860 2309 2337
    2343 2406 2411 2414 2456
    2459 2462 2472 2475 2480
    2522 2561 2583 2584 2629
    2630 2654 2673 2675 2681
    2760 2762 2770 2777 2786
    2811 2876 2955 2957 2977
    2980 3015 3019 3355 3459
    3555 3569 3584 3614 3704
    3757 4257 4658 5016 6111
    6156 6555 6654 6669 6804
    7261 7357 7367 7369 7964
    8361
procdump 3004
    0366 3004 8266
proghdr 0924
    0924 6667 9270 9284
PTE_ADDR 0807
    0807 1742 1913 1975 2012
    2049 2111
PTE_FLAGS 0808
    0808 2050
PTE_P 0801
    0801 1308 1310 1741 1751
    1770 1772 1974 2011 2047
    2107
PTE_PS 0804
    0804 1308 1310
pte_t 0811
    0811 1734 1738 1742 1744
    1763 1906 1963 2024 2038
    2104
PTE_U 0803
    0803 1751 1894 1946 2029
    2109
PTE_W 0802
    0802 1308 1310 1751 1810
    1812 1813 1894 1946
PTX 0785
    0785 1753
PTXSHIFT 0795
    0785 0788 0795
pushcli 1667
    0385 1576 1655 1667 1869
    2460
rcr2 0582
    0582 3454 3461
readeflags 0544
    0544 1671 1681 2441 2819
read_head 4838
    4838 4870
readi 5553
    0301 1918 5553 5670 5716
    6025 6308 6309 6682 6693
readsb 5031
    0287 4813 5031 5200
readsect 9310
    9310 9345
readseg 9329
    9264 9277 9288 9329
recover_from_log 4868
    4802 4817 4868
REDIR 8608
    8608 8680 8820 9121
redircmd 8625 8814
    8625 8663 8681 8814 8816
    9025 9028 9031 9109 9122
REG_ID 7660
    7660 7707
REG_TABLE 7662
    7662 7714 7715 7725 7726
REG_VER 7661
    7661 7706
release 1602
    0384 1602 1605 2484 2491
    2552 2618 2696 2702 2788
    2833 2857 2892 2905 2968
    2986 2990 3180 3197 3419
    3826 3831 3844 4362 4380
    4433 4526 4541 4595 4680
    4690 4707 4889 4920 4929
    4990 5315 5331 5343 5414
    5427 5934 5938 5958 5972
    5978 6872 6875 6888 6897
    6908 6919 8101 8264 8282
    8302 8317
releasesleep 4684
    0390 4581 4684 5386 5423
ROOTDEV 0157
    0157 2864 2865 5810
ROOTINO 4104
    4104 5810
rtcdate 0950
    0256 0325 0950 7591 7602
    7604
run 3115
    3011 3115 3116 3122 3166
    3176 3189 7361
runcmd 8656
    8656 8670 8687 8693 8695
    8709 8716 8727 8774
RUNNING 2334
    2334 2779 2817 3011 3473
safestrcpy 7032
    0398 2541 2610 6743 7032
sb 5027
    0287 4154 4160 4811 4813
    4814 4815 5027 5031 5036
    5072 5073 5074 5107 5200
    5201 5202 5203 5204 5260
    5261 5285 5364 7605 7607
    7609
sched 2808
    0368 2664 2808 2814 2816
    2818 2820 2832 2898
scheduler 2758
    0367 1257 2303 2758 2781
    2822
SCROLLLOCK 7764
    7764 7797
SECS 7574
    7574 7593
SECTOR_SIZE 4265
    4265 4330
SECTSIZE 9262
    9262 9323 9336 9339 9344
SEG 0751
    0751 1724 1725 1726 1727
SEG16 0755
    0755 1870
SEG_ASM 0660
    0660 1189 1190 9234 9235
segdesc 0725
    0509 0512 0725 0751 0755
    2305
seginit 1715
    0426 1223 1244 1715
SEG_KCODE 0714
    0714 1143 1724 3372 3373
    9203
SEG_KDATA 0715
    0715 1153 1725 1873 3313
    9208
SEG_NULLASM 0654
    0654 1188 9233
SEG_TSS 0718
    0718 1870 1872 1878
SEG_UCODE 0716
    0716 1726 2533
SEG_UDATA 0717
    0717 1727 2534
SETGATE 0875
    0875 3372 3373
setupkvm 1818
    0428 1818 1842 2042 2528
    6687
SHIFT 7758
    7758 7786 7787 7935
skipelem 5765
    5765 5814
sleep 2874
    0370 2707 2874 2879 2882
    3009 3829 4429 4665 4676
    4883 4886 6892 6911 8286
    8529
sleeplock 3951
    0258 0389 0390 0391 0392
    3904 3951 4216 4261 4474
    4660 4663 4672 4684 4701
    4754 5018 5909 6114 6807
    7959 8357
spinlock 1501
    0257 0370 0380 0382 0383
    0384 0418 1501 1559 1562
    1574 1602 1652 2407 2410
    2874 3109 3120 3358 3363
    3953 4260 4280 4473 4479
    4659 4753 4789 5017 5187
    5908 5914 6113 6806 6813
    7958 7972 8356
STA_R 0667 0766
    0667 0766 1189 1724 1726
    9234
start 1123 8459 9161
    1122 1123 1166 1174 1176
    4790 4814 4827 4840 4856
    4940 5202 8458 8459 9160
    9161 9217
startothers 1264
    1208 1233 1264
stat 4054
    0259 0283 0302 4054 5014
    5538 6002 6109 6229 8553
stati 5538
    0302 5538 6006
STA_W 0666 0765
    0666 0765 1190 1725 1727
    9235
STA_X 0665 0764
    0665 0764 1189 1724 1726
    9234
sti 0563
    0563 0565 1686 2766
stosb 0492
    0492 0494 6960 9290
stosl 0501
    0501 0503 6958
strlen 7051
    0399 6724 6725 7051 8768
    8973
strncmp 7008
    0400 5655 7008
strncpy 7018
    0401 5722 7018
STS_IG32 0770
    0770 0881
STS_T32A 0769
    0769 1870
STS_TG32 0771
    0771 0881
sum 7268
    7268 7270 7272 7274 7275
    7287 7342
superblock 4113
    0260 0287 4113 4811 5027
    5031
SVR 7417
    7417 7464
switchkvm 1853
    0437 1243 1843 1853 2782
switchuvm 1860
    0436 1860 1863 1865 1867
    2572 2778 6751
swtch 3059
    0377 2781 2822 3058 3059
syscall 3701
    0409 3407 3557 3701
SYSCALL 8503 8510 8511 8512 8513 8514 8515 8516 8517 8518 8519 8520 8521 8522 8523 8524 8525 8526 8527 8528 8529 8530 8531 8532
    8510 8511 8512 8513 8514
    8515 8516 8517 8518 8519
    8520 8521 8522 8523 8524
    8525 8526 8527 8528 8529
    8530 8531 8532
sys_chdir 6551
    3650 3683 6551
SYS_chdir 3509
    3509 3683
sys_close 6213
    3651 3695 6213
SYS_close 3521
    3521 3695
sys_dup 6168
    3652 3684 6168
SYS_dup 3510
    3510 3684
sys_exec 6576
    3653 3681 6576
SYS_exec 3507
    3507 3681 8463
sys_exit 3766
    3654 3676 3766
SYS_exit 3502
    3502 3676 8468
sys_fork 3760
    3655 3675 3760
SYS_fork 3501
    3501 3675
sys_fstat 6226
    3656 3682 6226
SYS_fstat 3508
    3508 3682
sys_getpid 3789
    3657 3685 3789
SYS_getpid 3511
    3511 3685
sys_head 3851
    3671 3696 3851
SYS_head 3522
    3522 3696
sys_kill 3779
    3658 3680 3779
SYS_kill 3506
    3506 3680
sys_link 6252
    3659 3693 6252
SYS_link 3519
    3519 3693
sys_mkdir 6501
    3660 3694 6501
SYS_mkdir 3520
    3520 3694
sys_mknod 6517
    3661 3691 6517
SYS_mknod 3517
    3517 3691
sys_open 6451
    3662 3689 6451
SYS_open 3515
    3515 3689
sys_pipe 6601
    3663 3678 6601
SYS_pipe 3504
    3504 3678
sys_read 6182
    3664 3679 6182
SYS_read 3505
    3505 3679
sys_sbrk 3801
    3665 3686 3801
SYS_sbrk 3512
    3512 3686
sys_sleep 3815
    3666 3687 3815
SYS_sleep 3513
    3513 3687
sys_uniq 3857
    3672 3697 3857
SYS_uniq 3523
    3523 3697
sys_unlink 6351
    3667 3692 6351
SYS_unlink 3518
    3518 3692
sys_uptime 3838
    3670 3688 3838
SYS_uptime 3514
    3514 3688
sys_wait 3773
    3668 3677 3773
SYS_wait 3503
    3503 3677
sys_write 6201
    3669 3690 6201
SYS_write 3516
    3516 3690
taskstate 0814
    0814 2304
TDCR 7441
    7441 7470
T_DEV 4052
    4052 5558 5608 6527
T_DIR 4050
    4050 5666 5816 6267 6379
    6387 6434 6475 6507 6563
T_FILE 4051
    4051 6419 6464
ticks 3364
    0416 3364 3417 3418 3823
    3824 3829 3843
tickslock 3363
    0418 3363 3375 3416 3419
    3822 3826 3829 3831 3842
    3844
TICR 7439
    7439 7472
TIMER 7431
    7431 7471
T_IRQ0 3229
    3229 3414 3423 3427 3430
    3434 3438 3439 3474 7464
    7471 7484 7714 7725
TPR 7415
    7415 7501
trap 3401
    3252 3254 3319 3401 3453
    3455 3458
trapframe 0602
    0602 2344 2502 3401
trapret 3324
    2418 2507 3323 3324
T_SYSCALL 3226
    3226 3373 3403 8464 8469
    8507
tvinit 3367
    0417 1229 3367
uart 8366
    8366 8387 8405 8415
uartgetc 8413
    8413 8425
uartinit 8369
    0421 1227 8369
uartintr 8423
    0422 3435 8423
uartputc 8401
    0423 8210 8212 8397 8401
userinit 2520
    0371 1235 2520 2529
uva2ka 2102
    0429 2102 2126
V2P 0210
    0210 1287 1289 1751 1811
    1812 1855 1879 1894 1946
    2054 3168
V2P_WO 0213
    0213 1040 1050
VER 7414
    7414 7480
wait 2671
    0372 2671 3775 8512 8583
    8694 8720 8721 8775
waitdisk 9301
    9301 9313 9322
wakeup 2964
    0373 2964 3418 4374 4689
    4918 4928 6866 6869 6891
    6896 6918 8258
wakeup1 2953
    2420 2651 2658 2953 2967
walkpgdir 1735
    1735 1768 1911 1971 2026
    2045 2106
write_head 4854
    4854 4873 4955 4958
writei 5603
    0303 5603 5724 6076 6385
    6386
write_log 4935
    4935 4954
xchg 0569
    0569 1256 1581
YEAR 7579
    7579 7598
yield 2828
    0374 2828 3475
